Sample,Well,Description,Locus,Ancestral.State,Evolved.State,Ancestral.Frequency,Evolved.Frequency,Calibrated.Ancestral.Frequency,Calibrated.Evolved.Frequency,Notes1,B5,REL607,gltB,,16-bp del,95,5,0.91920658,0.08079342,2,B11,25% REL607 / 75% REL8593A,gltB,,16-bp del,12,88,0.075490689,0.924509311,3,F4,50% REL607 / 50% REL8593A,gltB,,16-bp del,38,62,0.268475343,0.731524657,4,C8,75% REL607 / 25% REL8593A,gltB,,16-bp del,45,55,0.328827183,0.671172817,5,F7,REL8593A,gltB,,16-bp del,30,70,0.204220558,0.795779442,Something is clearly wrong with this sample!6,H9,5000,gltB,,16-bp del,95,5,0.91920658,0.08079342,7,B2,5500,gltB,,16-bp del,65,35,0.526528959,0.473471041,8,E11,6000,gltB,,16-bp del,77,23,0.667186552,0.332813448,9,H1,6500,gltB,,16-bp del,93,7,0.888336995,0.111663005,10,A9,7000,gltB,,16-bp del,89,11,0.828909379,0.171090621,11,E10,7500,gltB,,16-bp del,65,35,0.526528959,0.473471041,12,B3,8000,gltB,,16-bp del,76,24,0.654720882,0.345279118,13,E7,8500,gltB,,16-bp del,61,39,0.483628003,0.516371997,14,A8,9000,gltB,,16-bp del,81,19,0.718531003,0.281468997,24,F5,9500,gltB,,16-bp del,58,42,0.452629936,0.547370064,15,G12,10000,gltB,,16-bp del,53,47,0.403072477,0.596927523,16,G10,10500,gltB,,16-bp del,68,32,0.559947299,0.440052701,17,H12,11000,gltB,,16-bp del,81,19,0.718531003,0.281468997,18,A12,11500,gltB,,16-bp del,43,57,0.311165786,0.688834214,19,G2,12000,gltB,,16-bp del,13,87,0.08212774,0.91787226,20,H10,12500,gltB,,16-bp del,88,12,0.814513143,0.185486857,21,D11,13000,gltB,,16-bp del,14,86,0.088821216,0.911178784,22,E8,13500,gltB,,16-bp del,6,94,0.036814333,0.963185667,23,F3,14000,gltB,,16-bp del,2,98,0.01207292,0.98792708,1,B5,REL607,rpsA,A,G,99,1,0.983411145,0.016588855,2,B11,25% REL607 / 75% REL8593A,rpsA,A,G,99,1,0.983411145,0.016588855,3,F4,50% REL607 / 50% REL8593A,rpsA,A,G,98,2,0.967041642,0.032958358,4,C8,75% REL607 / 25% REL8593A,rpsA,A,G,99,1,0.983411145,0.016588855,5,F7,REL8593A,rpsA,A,G,68,32,0.559947299,0.440052701,Something is clearly wrong with this sample!6,H9,5000,rpsA,A,G,99,1,0.983411145,0.016588855,7,B2,5500,rpsA,A,G,96,4,0.934943514,0.065056486,8,E11,6000,rpsA,A,G,92,8,0.873196659,0.1268033419,H1,6500,rpsA,A,G,60,40,0.47318612,0.5268138810,A9,7000,rpsA,A,G,63,37,0.504848145,0.49515185511,E10,7500,rpsA,A,G,63,37,0.504848145,0.49515185512,B3,8000,rpsA,A,G,24,76,0.159024649,0.84097535113,E7,8500,rpsA,A,G,37,63,0.260178609,0.73982139114,A8,9000,rpsA,A,G,14,86,0.088821216,0.91117878424,F5,9500,rpsA,A,G,41,59,0.293843618,0.70615638215,G12,10000,rpsA,A,G,40,60,0.285306705,0.71469329516,G10,10500,rpsA,A,G,27,73,0.181317574,0.81868242617,H12,11000,rpsA,A,G,37,63,0.260178609,0.73982139118,A12,11500,rpsA,A,G,53,47,0.403072477,0.59692752319,G2,12000,rpsA,A,G,81,19,0.718531003,0.28146899720,H10,12500,rpsA,A,G,10,90,0.062383032,0.93761696821,D11,13000,rpsA,A,G,83,17,0.745129724,0.25487027622,E8,13500,rpsA,A,G,90,10,0.84348641,0.1565135923,F3,14000,rpsA,A,G,97,3,0.950887168,0.049112832,1,B5,REL607,yghJ,C,A,99,1,0.983411145,0.016588855,2,B11,25% REL607 / 75% REL8593A,yghJ,C,A,14,86,0.088821216,0.911178784,3,F4,50% REL607 / 50% REL8593A,yghJ,C,A,41,59,0.293843618,0.706156382,4,C8,75% REL607 / 25% REL8593A,yghJ,C,A,61,39,0.483628003,0.516371997,5,F7,REL8593A,yghJ,C,A,33,67,0.22775899,0.77224101,Something is clearly wrong with this sample!6,H9,5000,yghJ,C,A,99,1,0.983411145,0.016588855,7,B2,5500,yghJ,C,A,74,26,0.630216317,0.369783683,8,E11,6000,yghJ,C,A,82,18,0.731750848,0.268249152,9,H1,6500,yghJ,C,A,98,2,0.967041642,0.032958358,10,A9,7000,yghJ,C,A,95,5,0.91920658,0.08079342,11,E10,7500,yghJ,C,A,73,27,0.61817258,0.38182742,12,B3,8000,yghJ,C,A,81,19,0.718531003,0.281468997,13,E7,8500,yghJ,C,A,67,33,0.548685611,0.451314389,14,A8,9000,yghJ,C,A,88,12,0.814513143,0.185486857,24,F5,9500,yghJ,C,A,65,35,0.526528959,0.473471041,15,G12,10000,yghJ,C,A,61,39,0.483628003,0.51637199716,G10,10500,yghJ,C,A,77,23,0.667186552,0.33281344817,H12,11000,yghJ,C,A,89,11,0.828909379,0.17109062118,A12,11500,yghJ,C,A,51,49,0.383949409,0.61605059119,G2,12000,yghJ,C,A,21,79,0.137317727,0.86268227320,H10,12500,yghJ,C,A,94,6,0.903672371,0.09632762921,D11,13000,yghJ,C,A,18,82,0.116174003,0.88382599722,E8,13500,yghJ,C,A,10,90,0.062383032,0.93761696823,F3,14000,yghJ,C,A,22,78,0.144489689,0.855510311