(F1:0.00000,(H6:0.00000,E3:0.01471):0.01471,((C2:0.02941,(B3:0.00000,
(G4:0.01471,A7:0.00000):0.01471):0.01471,(D12:0.01471,C11:0.00000,
B6:0.00000,(F12:0.00000,(H12:0.00000,G6:0.00000,(H9:0.00000,G5:0.01471,
C5:0.00000):0.01471,B9:0.00000):0.01471,(D2:0.01471,B7:0.00000):0.01471,
B2:0.00000):0.01471,(B1:0.00000,(H3:0.00000,(H1:0.00000,G2:0.01471):0.01471,
E4:0.00000,(H11:0.01471,F7:0.01471,C8:0.00000):0.01471,((H7:0.00000,
F10:0.00000,(F9:0.01471,(G7:0.01471,F3:0.00000,E2:0.01471):0.01471,
D11:0.00000):0.01471,D10:0.00000,D9:0.00000):0.01471,C3:0.00000):0.01471,
B11:0.00000,A8:0.00000):0.01471):0.01471,A6:0.00000,A4:0.00000):0.01471):0.02941,
(F2:0.01471,A5:0.00000,((E1:0.00000,C1:0.00000,(F6:0.01471,D1:0.00000,
B5:0.00000):0.19118,(G12:0.00000,E11:0.00000,E8:0.00000,D5:0.00000,
C4:0.00000,(F5:0.02941,F4:0.00000,(H4:0.00000,H2:0.00000,C10:0.00000):0.01471,
(E9:0.00000,B10:0.00000):0.01471,B8:0.00000):0.01471,A12:0.00000,
A9:0.00000):0.01471):0.01471,A3:0.00000,(A10:0.00000,(G1:0.00000,
D3:0.01471,(G8:0.00000,(H10:0.00000,G10:0.00000,(E7:0.01471,C6:0.01471):0.01471,
B4:0.00000,(H8:0.00000,(E10:0.00000,D6:0.00000):0.01471,C9:0.00000,
A11:0.01471):0.01471):0.01471):0.01471,A2:0.00000):0.01471,(E6:0.00000,
E5:0.00000,D8:0.00000,D7:0.00000,(H5:0.00000,D4:0.00000):0.01471,
C12:0.00000,C7:0.00000,B12:0.00000,(G11:0.01471,G3:0.00000,(G9:0.01471,
F11:0.00000):0.01471,F8:0.01471,E12:0.00000,A1:0.00000):0.01471):0.01471):0.02941):0.01471):0.11765):0.13235,
ancestor:0.01471);
